-102277002
-100813489
-77919207
-95286360
-100123957
-35261370
-98780224
-67004847
-33690971
-35125690
-7698531
-50608558
-88587579
-50238078
-69218661
-75408673
-88624313
-92782630
-24102887
-44431997
-18712799
-48916797
-51654555
-93461403
-78869799
-30748403
-78052966
-69815411
-91770947
-77208800
-50125055
-44093674
-79110589
-32292050
-56812780
-94512931
-64137496
-43354649
-54480251
-54614892
-41843539
-84402596
-47352512
-32292050
-46948693
-59947979
-47484197
-67892561
-78634634
-89733010
-32612252
-100701409
-69368569
-87276703
-93881953
-73125018
-95254818
-99650009
-57118206
-93864886
-100189350
-100792347
-101045721
-101046579
-100735803
-100458940
-85920444
-37445442
-76071238
-30672934
-11266048
-47387060
-31443054
-55264521
-40267549
-52365061
-59093604
-60266441
-38584338
-47720557
-55865238
-26093101
-78648949
-99629782
-54658026
-99069379
-98620165
-85781447
-100458940
-100571863
-90737183
-101285155
-101283478
-54006784
-98872685
-100688171
-78052966
-32292050
-101336048
-84531354
-43577116
-100321648
-94948225
-101267747
-43927298
-101540581
-55297552
-100596726
-89395118
-89398269
-100570379
-101195431
-101264133
-86681030
-100524106
-91699442
-98341386
-99216477
-91062011
-101656882
-96911787
-92835190
-100408437
-100737872
-87533479
-101809593
-101822874
-86004235
-86742344
-54499488
-96375944
-64770552
-78970322
-46452809
-63855388
-98792141
-96009280
-88916296
-100965576
-101994713
-100782801
-102329902
-84438926
-84931205
-99687315
-102194369
clubpodpisoknet
