-37759929
-79040832
-16728650
-54362295
-17761623
-53585316
-47902361
-36756694
-51239741
-83141412
-66001960
-80910240
-17515701
-97371305
-22098027
-20969646
-64835259
-39249459
-9618629
-35701318
-29024273
-16892333
-42882782
-26940166
-14651606
-35202266
-55837317
-55750492
-67739915
-540391
-18742124
-30338032
-12908677
-308133
-10136
-49327533
-20992900
-83807928
-37927917
-17701379
-27328177
-165488
-79729984
-9399196
-42409851
-39746836
-40629624
-34563843
-62000424
-62189285
-77676880
-22732005
-18249361
-19677552
-10425300
-42112912
-4367020
-2905090
-19250810
-14679215
